# keyframe format v1
fps 24000/1001
1197
1269
1329
1386
1571
1997
2075
2130
2190
2238
2280
2358
2388
2432
2471
2531
2555
2568
2585
2647
2656
2680
2692
2722
2745
2794
2804
2807
2831
2886
2937
2961
2970
2973
2979
2980
2981
2992
2994
3000
3001
3002
3007
3021
3082
3282
3393
3465
3542
3590
3608
3658
3680
3698
3702
3727
3743
3765
3783
3798
3800
3815
3830
3870
3896
3932
3966
3977
4056
4151
4252
4504
4582
4656
4694
4702
4738
4803
4831
4857
4887
4917
4944
4979
5012
5018
5019
5020
5023
5027
5057
5084
5108
5154
5165
5220
5252
5276
5315
5316
5317
5318
5339
5363
5387
5455
5505
5514
5589
5612
5630
5652
5654
5682
5754
5784
5806
5838
5886
5905
5929
5947
5979
5995
6006
6035
6038
6052
6076
6136
6184
6197
6336
6380
6398
6570
6662
6691
6700
6747
6847
6885
6927
7105
7156
7201
7251
7310
7386
7413
7424
7445
7464
7481
7583
7629
7724
7910
7958
8005
8106
8155
8203
8282
8638
8677
9009
9060
9644
9890
9974
10010
10057
10070
10080
10084
10105
10212
10240
10257
10289
10297
10324
10333
10368
10403
10421
10451
10462
10466
10470
10472
10474
10605
10719
10815
11025
11209
11239
11240
11272
11343
11382
11411
11501
11570
11593
11632
11710
11745
11871
11888
11970
12033
12105
12131
12203
12335
12374
12929
12958
13189
13327
13351
13420
13477
13504
13519
13549
13596
13608
13617
13618
13619
13620
13621
13622
13624
13625
13626
13627
13628
13630
13631
13632
13633
13634
13636
13657
13672
13702
13770
13820
13833
13835
13836
13838
13889
13918
13936
13949
13950
13979
13997
14042
14043
14085
14126
14153
14163
14183
14205
14207
14209
14210
14243
14280
14303
14320
14323
14348
14366
14398
14457
14487
14568
14589
14652
14661
14673
14697
14718
14732
14734
14742
14757
14763
14769
14805
14823
14862
14891
14914
14983
14991
15002
15003
15031
15057
15074
15075
15126
15161
15201
15202
15207
15239
15263
15295
15325
15341
15365
15383
15409
15417
15418
15432
15562
15611
15673
15700
15735
15758
15776
15818
15842
15848
15860
15872
15901
15921
15924
15973
15995
16003
16005
16033
16069
16102
16104
16113
16121
16189
16228
16230
16246
16276
16284
16286
16291
16296
16304
16307
16321
16328
16349
16391
16396
16398
16399
16400
16408
16411
16451
16491
16532
16601
16613
16625
16683
16715
16763
16855
16897
16935
16961
16971
16972
16974
17016
17046
17096
17132
17164
17182
17209
17235
17261
17291
17344
17395
17403
17404
17428
17476
17477
17478
17494
17512
17527
17581
17608
17624
17626
17635
17641
17642
17643
17644
17645
17646
17647
17648
17649
17650
17652
17686
17707
17736
17746
17758
17767
17811
17891
18032
18070
18169
18184
18208
18241
18269
18301
18310
18355
18417
18459
18645
18683
18746
18788
18821
19004
19082
19156
19212
19224
19242
19284
19326
19368
19438
19515
19593
19623
19653
19663
19713
19732
19763
19790
19818
19914
20007
20094
20211
20268
20306
20310
20313
20328
20361
20385
20427
20442
20474
20506
20512
20551
20589
20611
20632
20649
20667
20682
20687
20756
20794
20795
20797
20798
20831
20870
20879
20882
20892
20915
20928
20929
20932
20941
20951
20972
20996
21023
21035
21059
21101
21152
21181
21188
21196
21199
21228
21250
21275
21276
21277
21282
21289
21308
21346
21384
21417
21491
21511
21538
21572
21600
21614
21629
21666
21683
21702
21726
21739
21795
21818
21829
21840
21857
21886
21945
21948
21995
22014
22021
22044
22069
22100
22119
22139
22169
22227
22287
22323
22355
22360
22362
22370
22393
22428
22452
22527
22551
22561
22579
22593
22623
22698
22700
22726
22742
22744
22752
22771
22776
22790
22814
22828
22860
22900
22935
22950
22972
22973
23014
23047
23077
23106
23135
23175
23208
23243
23264
23282
23300
23351
23352
23353
23381
23387
23405
23494
23561
23612
23684
23710
23782
23808
23832
23868
23905
23928
23986
24037
24043
24067
24070
24145
24151
24181
24232
24298
24316
24343
24387
24432
24528
24618
24684
24711
24735
24783
24810
24867
24894
24942
24981
24985
24990
25038
25083
25087
25113
25158
25179
25188
25200
25206
25215
25482
25503
25576
25614
25627
25638
25722
25773
25797
25799
25836
25879
25899
25919
25928
25943
25958
25987
26024
26073
26111
26133
26165
26200
26202
26205
26208
26209
26212
26234
26250
26268
26317
26339
26340
26359
26361
26362
26440
26481
26484
26502
26529
26562
26601
26613
26682
26789
26792
26804
26819
26834
26887
26911
26916
26925
26949
26967
26969
26972
26975
26982
26997
26998
27000
27001
27004
27006
27007
27008
27014
27020
27021
27023
27024
27027
27079
27109
27111
27112
27114
27116
27119
27121
27122
27123
27124
27151
27295
27373
27404
27409
27499
27577
27613
27646
27700
27702
27808
27844
27876
27931
27989
28000
28018
28028
28059
28149
28161
28168
28169
28171
28182
28200
28215
28238
28311
28425
28470
28539
28579
28587
28602
28632
28639
28640
28642
28643
28699
28872
29011
29044
29143
29170
29218
29263
29394
29471
29543
29579
29849
29972
30077
30293
30419
30497
30569
30590
30611
30649
30766
30837
30838
30859
30889
30919
30994
31107
31113
31114
31115
31123
31124
31125
31157
31164
31166
31167
31168
31169
31171
31173
31230
31287
31344
31440
31446
31449
31458
31468
31512
31586
31619
31620
31621
31677
31703
31811
31837
31923
31924
31968
31989
31990
32033
32042
32043
32054
32056
32057
32099
32138
32180
32213
32282
32285
32287
32289
32297
32315
32393
32465
32529
32570
32657
32676
32704
32718
32722
32730
32747
32761
32786
32834
32852
32882
32921
32934
32978
32979
32980
33005
33007
33009
33011
33013
33028
33030
33034
33050
33052
33056
33057
33065
33079
33107
33142
33145
33147
33148
33166
33213
33245
33249
33275
33317
33410
33443
33446
33450
33452
33456
33461
33506
33541
33592
33624
33633
33641
33643
33677
33680
33693
33723
33725
33764
33806
33835
33844
33873
33882
33889
33890
33900
33901
33906
33907
33953
34049
34059
34067
34091
34109
34136
34181
34201
34231
34282
34309
34336
34340
34341
34348
34401
34443
34446
34448
34467
34490
34509
34521
34572
34641
34644
34674
34698
34719
34737
34757
34775
34784
34787
34833
34865
34904
34945
34980
35039
35098
35151
35241
35294
35467
35556
35587
35694
35760
35841
35902
36023
36176
36257
36470
36563
36671
36884
37040
37289
37360
37361
37362
37399
37540
37672
37753
37819
37982
38047
38101
38107
38161
38233
38238
38239
38240
38241
38242
38248
38251
38252
38253
38254
38272
38314
38341
38365
38392
38416
38443
38473
38527
38575
38644
38719
38767
39926
39966
40003
40041
40081
40119
40157
40194
40231
40269
40308
40347
40386
40425
40503
40542
40580
40617
40657
40692
40732
40770
40809
40954
