# keyframe format v1
fps 24000/1001
238
269
310
321
324
328
333
338
349
379
391
392
393
433
472
499
528
557
589
602
620
645
673
712
738
741
744
747
755
815
827
942
972
996
1006
1037
1071
1116
1161
1188
1217
1257
1264
1280
1297
1316
1336
1346
1367
1378
1404
1437
1464
1480
1489
1519
1541
1572
1577
1596
1616
1623
1636
1644
1648
1658
1680
1690
1700
1715
1727
1739
1748
1765
1785
1807
1834
1854
1869
1886
1923
1947
1970
1994
2014
2034
2058
2065
2094
2107
2139
2230
2326
2350
2374
2452
2476
2507
2524
2527
2552
2559
2563
2566
2573
2578
2583
2588
2593
2595
2620
2627
2640
2647
2665
2675
2684
2685
2701
2751
2826
2892
2967
3048
3078
3174
3456
3624
3711
3897
4119
4229
4306
4402
4510
4588
4648
4795
4873
4889
4937
5303
5393
5423
5450
5468
5741
5843
6140
6464
6836
7184
7205
7226
7442
7505
7580
7721
7919
8090
8159
8281
8283
8285
8287
8293
8324
8452
8497
8550
8574
8599
8653
8821
8992
9172
9187
9238
9424
9484
9676
9715
9824
9917
9992
10069
10114
10192
10348
10408
10732
11065
11374
11416
11584
11785
12022
12245
12269
12335
12469
12498
12525
12572
12596
12619
12645
12710
12784
13018
13180
13330
13362
13390
13413
13450
13684
13708
13738
13783
13825
13918
14077
14164
14266
14380
14468
14486
14510
14533
14584
14633
14666
14691
14708
14715
14777
14810
14830
14840
14921
14958
14964
15031
15146
15152
15198
15231
15269
15280
15346
15375
15377
15406
15438
15465
15548
15596
15628
15631
15695
15739
15741
15762
15799
15811
15822
15833
15866
15867
15887
15929
15953
16001
16035
16037
16074
16108
16124
16125
16126
16127
16128
16129
16179
16302
16485
16626
16758
17086
17272
17440
17704
17947
18007
18017
18071
18099
18168
18401
18425
18461
18490
18514
18571
18613
18640
18688
18703
18722
18746
18770
18815
18843
18844
18867
18868
18869
18871
18889
18893
18895
18911
18912
18916
18925
18958
19047
19209
19305
19353
19448
19609
19651
19693
19785
19869
20057
20248
20455
20677
20764
21097
21241
21253
21358
21406
21442
21520
21592
21640
21794
22364
22448
22517
23210
23420
23678
24011
24077
24131
24191
24242
24281
24335
24359
24437
24497
24551
24604
24625
24664
24721
24769
24841
24853
24892
24894
24947
25097
25183
25239
25267
25296
25332
25356
25399
25401
25430
25432
25493
25579
25634
25664
25699
25714
25781
25825
25832
25842
25860
25896
25914
25941
25965
26028
26094
26153
26210
26234
26258
26278
26294
26310
26317
26318
26355
26425
26460
26546
26582
26618
27029
27179
27437
27581
27785
27896
28010
28363
29349
30553
30593
30630
30668
30708
30746
30784
30821
30858
30896
30935
30974
31013
31052
31130
31169
31207
31244
31284
31319
31359
31397
31436
31581
31623
31704
31839
31995
32157
32323
32445
32781
32877
32907
32938
32985
33574
33661
33743
33816
33834
