# keyframe format v1
fps 24000/1001
238
269
310
324
328
333
349
379
391
392
393
433
472
499
528
557
589
602
620
645
673
712
738
744
747
755
815
827
942
972
996
1006
1037
1071
1116
1161
1188
1217
1257
1264
1280
1297
1316
1336
1346
1367
1378
1404
1437
1464
1480
1489
1519
1541
1572
1577
1596
1616
1623
1636
1644
1648
1658
1680
1690
1700
1715
1727
1739
1748
1765
1785
1807
1834
1854
1869
1886
1923
1947
1970
1994
2014
2034
2058
2065
2094
2107
2139
2158
2224
2368
2410
2569
2663
2753
2824
2937
3051
3072
3108
3144
3201
3261
3297
3333
3417
3608
3655
3717
3788
3881
3964
3981
4167
4191
4266
4956
5230
5297
5465
5543
5699
5735
5759
6034
6580
6658
6938
7262
7356
7404
7571
7720
7830
7889
8003
8099
8288
8462
8504
8768
8798
9213
9281
9360
9402
9496
10071
10101
10323
10361
10363
10397
10433
10435
10469
10511
10513
10572
10659
10723
10770
10914
10974
11076
11160
11229
11364
11447
11483
11526
11567
11609
11667
11936
12055
12689
12784
12865
12997
13234
13309
13434
13607
13923
14163
14219
14291
14447
15158
15482
15576
15720
15742
15812
15853
15912
16041
16108
16198
16317
16362
16552
16880
16952
17037
17188
17296
17380
17599
17979
18067
18162
18318
18545
18574
18612
18673
18815
18933
19003
19094
19146
19171
19207
19225
19259
19310
19364
19436
19460
19559
19607
19724
19844
19916
20093
20236
20367
20535
20703
20859
21003
21093
21201
21285
21309
21350
21392
21428
21542
21638
21752
21824
21884
22040
22054
22104
22129
22170
22186
22269
22532
22682
22955
23033
23210
23497
23712
23783
23945
24009
24375
24537
24591
24909
25580
25709
25835
25881
26169
26241
26415
26474
26557
26664
27006
27042
27084
27138
27269
27330
27402
27426
27450
27678
27876
27912
27940
28198
28229
28246
28264
28275
28318
28336
28372
28492
28570
28632
28768
28971
29031
29169
29259
29397
29509
29593
29671
29715
29743
29770
29796
29891
29923
29940
29943
29966
30008
30086
30127
30347
30493
30514
30538
30544
30556
30559
30562
30580
30583
30586
30589
30595
30624
30637
30661
30667
30673
30682
30684
30692
30699
30718
30726
30736
30760
30774
30826
30988
31004
31060
31132
31234
31315
31423
31495
31567
31729
31825
32975
33015
33052
33090
33130
33168
33206
33243
33280
33318
33357
33396
33435
33474
33552
33591
33629
33666
33706
33741
33781
33819
33858
34003
34046
34194
34255
34296
34323
