# keyframe format v1
fps 24000/1001
238
269
310
321
324
328
333
338
349
379
391
392
393
433
472
499
528
557
589
602
620
645
673
712
738
744
747
755
815
827
942
972
996
1006
1037
1071
1116
1161
1188
1217
1257
1264
1280
1297
1316
1336
1346
1367
1378
1404
1437
1464
1480
1489
1519
1541
1565
1572
1577
1596
1616
1623
1636
1644
1648
1658
1680
1690
1700
1715
1727
1739
1748
1765
1785
1807
1834
1854
1869
1886
1923
1947
1970
1994
2014
2034
2058
2065
2094
2107
2139
2230
2805
2892
3069
3201
3387
3492
3624
3953
4009
4029
4050
4066
4106
4131
4153
4177
4216
4276
4339
4356
4383
4404
4428
4464
4476
4500
4532
4571
4582
4600
4612
4645
4699
4729
4774
4792
5308
5423
5517
5588
5659
5730
5777
5855
5916
6012
6047
6079
6143
6257
6304
6337
6356
6401
6419
6422
6423
6424
6526
6736
7039
7270
7372
8204
8420
8687
8734
8776
8812
8968
9086
9173
9245
9311
9335
9374
9399
9447
9471
9500
9556
9580
9611
9639
9692
9749
9813
9837
9852
9880
9895
9906
9945
9975
10020
10068
10101
10103
10105
10109
10113
10128
10165
10239
10303
10396
10513
10610
11114
11313
11565
11825
11933
11987
12053
12055
12057
12058
12075
12077
12082
12083
12084
12085
12093
12094
12121
12123
12124
12125
12127
12135
12154
12156
12157
12158
12160
12199
12208
12214
12505
12715
12763
12829
12850
12949
13414
13537
13906
13978
13990
14013
14021
14050
14131
14266
14608
14731
14899
14974
15046
15086
15176
15226
15271
15325
15400
15514
15574
15691
15846
15894
15933
16203
16227
16251
16278
16398
16467
16701
16710
16764
16827
16891
16896
16901
16973
16996
17019
17031
17058
17061
17063
17130
17253
17331
17403
17475
17511
17544
17573
17575
17585
17632
17917
18052
18106
18148
18238
18286
18316
18493
18581
18743
18815
18893
18965
19052
19148
19223
19247
19336
19402
19440
19475
19511
19533
19535
19536
19538
19539
19565
19595
19605
19615
19642
19657
19662
19683
19719
19755
19803
19807
19861
19885
19932
20010
20019
20035
20053
20101
20150
20156
20158
20164
20207
20273
20474
20503
20762
20921
21023
21094
21098
21112
21139
21169
21243
21244
21247
21250
21251
21307
21372
21394
21438
21486
21546
21583
21625
21641
21685
21727
21733
21757
21758
21784
21832
21860
21897
21904
21909
21910
21940
21976
22000
22048
22140
22197
22257
22341
22365
22387
22389
22396
22397
22403
22405
22407
22479
22525
22527
22531
22554
22589
22637
22655
22709
22738
22757
22781
22841
22877
22913
22937
22985
23009
23048
23062
23064
23065
23066
23081
23153
23172
23192
23225
23250
23255
23303
23426
23468
23540
23554
23586
23626
23665
23669
23714
23774
23855
23900
23969
24068
24215
24413
24479
24767
24887
25055
25097
25280
25739
25941
26259
26609
26674
26736
26781
26811
26907
26973
27030
27078
27126
27176
27235
27366
27568
27661
27772
27858
27958
28002
28062
28140
28218
28261
28301
28312
28314
28345
28393
28437
28452
28503
28543
28585
28612
28627
28675
28733
28775
28835
28859
28916
28979
29004
29005
29007
29015
29065
29072
29081
29106
29158
29178
29203
29250
29379
29484
29742
30275
30317
30491
30560
30914
31071
31279
31360
31468
32615
32655
32692
32730
32770
32808
32846
32883
32920
32958
32997
33036
33075
33114
33192
33231
33269
33306
33346
33381
33421
33459
33498
33643
33685
33887
33908
33949
33958
33980
