# keyframe format v1
fps 24000/1001
72
235
290
453
775
842
872
963
1004
1030
1100
1148
1180
1194
1222
1237
1259
1395
1420
1464
1604
1660
1688
1695
1699
1711
1712
1729
1789
1931
1994
2008
2061
2162
2164
2189
2216
2273
2279
2284
2308
2355
2469
2514
2528
2538
2637
2668
2677
2739
2743
2793
2819
2888
2929
2970
3025
3114
3178
3261
3346
3395
3531
3602
3646
3717
3781
3803
3880
3982
4100
4252
4322
4374
4443
4546
4944
5097
5167
5263
5381
5511
5622
5845
6003
6065
6142
6178
6221
6257
6302
6348
6407
6474
6712
6743
6784
6795
6798
6802
6807
6812
6823
6853
6865
6866
6867
6907
6946
6973
7002
7031
7063
7076
7094
7119
7147
7186
7212
7218
7221
7229
7289
7301
7416
7446
7470
7480
7511
7545
7590
7635
7662
7691
7731
7738
7754
7771
7790
7810
7820
7841
7852
7878
7911
7938
7954
7963
7993
8015
8070
8090
8097
8110
8118
8122
8132
8154
8164
8174
8189
8201
8213
8222
8239
8259
8281
8308
8328
8343
8360
8397
8421
8444
8468
8488
8508
8532
8539
8564
8568
8581
8613
8630
8861
9099
9284
9466
9617
9797
9856
9968
10018
10080
10168
10292
10335
10395
10443
10557
10620
10847
10956
11121
11275
11362
11451
11484
11572
11635
11705
11773
11938
12176
12291
12648
12975
13334
13360
13386
13470
13643
13732
13989
14240
14280
14374
14469
14645
14690
14980
15076
15139
15210
15268
15337
15428
15582
15687
15815
15891
15940
15971
16022
16372
16408
16591
16663
17027
17139
17249
17433
17577
17839
18042
18490
18989
19047
19117
19170
19213
19242
19265
19289
19301
19326
19337
19367
19402
19404
19529
19635
19689
19814
19949
20021
20053
20081
20104
20141
20490
20820
21006
21045
21277
21330
21635
21779
21815
21850
21885
22068
22312
22486
22950
23248
23893
23934
23958
23989
24037
24067
24077
24081
24084
24104
24189
24317
24394
24627
24783
24936
25136
25236
25469
25618
25651
25676
25903
26120
26202
26350
26416
26501
26668
26757
26972
27067
27281
27341
27344
27376
27443
27517
27541
27579
27603
27724
27984
28068
28273
28520
28674
28780
28938
29053
29229
29378
29553
29611
29740
29854
29981
30145
30236
30423
30710
31010
31094
31446
31529
32616
32656
32693
32731
32771
32809
32847
32884
32921
32959
32998
33037
33076
33115
33193
33232
33270
33307
33347
33382
33422
33460
33499
33644
33686
33737
33791
33813
33833
33928
33956
