# keyframe format v1
fps 24000/1001
249
793
1495
1828
2362
2690
2864
3177
3356
3598
3725
3849
4022
4183
4225
4315
4387
4625
4656
4697
4708
4711
4715
4720
4725
4736
4766
4778
4779
4780
4820
4859
4886
4915
4944
4976
4989
5007
5032
5060
5099
5125
5131
5134
5142
5202
5214
5329
5359
5383
5393
5424
5458
5503
5548
5575
5604
5644
5651
5667
5684
5703
5723
5733
5754
5765
5791
5824
5851
5867
5876
5906
5928
5959
5964
5983
6003
6010
6023
6031
6035
6045
6067
6077
6087
6102
6114
6126
6135
6152
6172
6194
6221
6241
6256
6273
6310
6334
6357
6381
6401
6421
6445
6452
6481
6494
6526
6591
6652
6810
6888
7120
7408
7507
7933
8035
8140
8732
8852
8914
9041
9152
9727
9823
9964
10191
10378
10570
10609
10690
10726
10756
10832
10928
10997
11202
11334
11394
11586
11704
11758
11892
11991
12033
12043
12070
12105
12171
12426
12484
12499
12520
12576
12642
12949
13202
13385
13433
13767
14033
14122
14146
14227
14347
14499
14886
15064
15559
15657
15681
15687
15711
15741
15747
15771
15801
15840
15968
16217
16350
16452
16500
16532
16564
16612
16657
16692
16854
16958
17198
17514
17762
18071
18167
18182
18197
18210
18246
18278
18306
18329
18366
18403
18476
18524
18638
18667
18715
18757
18780
18846
18887
18939
18981
18991
19032
19122
19177
19457
19633
19778
19850
19997
20072
20111
20164
20452
20510
20542
20728
20739
20847
20942
21060
21149
21293
21470
21499
21556
21600
21649
21663
21666
21692
21725
21776
21794
21798
21801
21880
21902
21903
22031
22073
22102
22105
22112
22148
22183
22210
22218
22277
22333
22429
22458
22460
22475
22679
22756
22814
22946
22961
22986
23045
23172
23254
23341
23470
23638
23824
23849
23903
24100
24142
24183
24192
24221
24248
24267
24291
24321
24344
24364
24368
24392
24464
24518
24566
24603
24626
24644
24659
24666
24691
24693
24735
24813
24908
24928
24953
25004
25086
25117
25136
25140
25211
25232
25261
25268
25286
25310
25342
25366
25424
25466
25514
25562
25733
25768
25858
25992
26004
26008
26086
26424
26447
26464
26551
26602
26689
26729
26918
27001
27054
27105
27204
27324
27398
27521
27592
27728
28050
28152
28539
28587
28644
28710
28782
28839
28875
28949
28991
29060
29246
29315
29432
29528
29639
29944
30442
30568
30645
30720
30869
30916
30968
31110
31168
31224
31292
31418
31457
31779
31807
31822
31840
32975
33015
33052
33090
33130
33168
33206
33243
33280
33318
33357
33396
33435
33474
33552
33591
33629
33666
33706
33741
33781
33819
33858
34003
34046
34085
34116
34286
34362
